NG
NG
8 2
NG
NG
NG
5 3
NG
4 0
NG
NG
NG
OK
NG
NG
NG
NG
9 0
NG
NG
2 6
OK
NG
2 2
NG
NG
NG
5 39
42 0
NG
7 444
7 246
NG
14 182
9 150
NG
11 332
9 74
15 0
11 28
NG
OK
OK
9 0
1 0
OK
OK
1 0
OK
1 0
2 1
1 0
OK
2 0
2 1
2 0
OK
NG
OK
1 0
27 7
20 394
NG
24 0
25 27
7 63
NG
NG
14 11
NG
8 74
5 0
3 96
5 1
7 8
24 0
29 0
30 0
33 7
14 25
6 92
15 324
10 202
NG
22 323
2 0
OK
2 0
NG
7 18
2 0
2 62
4 0
4 0
2 4
4 16
2 42
NG
OK
OK
3 0
NG
9 32
7 67
2 6
OK
1 0
18 34
1 13
15 9
8 0
NG
11 20
13 24
OK
OK
7 0
4 45
3 12
2 0
5 6
1 1
4 1
4 0
7 0
3 12
1 0
1 73
OK
OK
5 3
OK
3 0
OK
3 16
2 1 
OK
5 60
3 17
1 0
4 2
OK
OK
OK
2 0
4 8
3 0
OK
2 23
7 3
2 2
4 1
OK
2 2
6 0
3 1
2 13
OK
5 78
4 4
6 0
1 1
OK
1 1
1 45
6 10
3 85
OK
7 0
2 8
4 17
2 26
4 3
4 0
2 0
2 5
2 17
1 3
3 12
5 0
1 2
7 0
3 2
2 1
1 1
5 2
3 1
6 21
5 0
7 69
3 13
4 0
1 2
OK
OK
4 12
2 0
OK
1 41
2 0
5 0
5 0
OK
OK
4 0
8 119
OK
3 24
5 16
4 16
4 11
2 12
5 11
4 0
4 0
OK
1 0
1 12
OK
OK
3 4
OK
2 6
3 7
2 17
3 25
3 1
4 6
3 12
6 0
1 0
6 0
3 1
NG
3 31
3 0
5 18
OK
2 0
OK
2 2
6 2
OK
OK
2 0
OK
6 31
1 8
3 27
1 17
2 2
2 4
OK
1 0
1 4
4 0
7 3
5 5
6 1
3 3
1 1
4 4
2 2
3 0
NG
4 4
6 0
2 0
27 5
34 101
9 200
17 211
14 45
3 21
2 1
14 51
7 91
7 12
