2
3 9999
30
105 40 24 12 25 64 104 138 116 157 116 105 184 184 70 90 143 57 87 59 83 91 20 96 90 136 74 43 193 62
10
665 3537 347 1430 999 2305 1453 2833 3666 2402
100
1045 849 3078 1045 664 3862 1404 4033 1694 2516 3110 129 212 625 942 1078 2172 917 2619 2990 430 2538 2339 1322 1386 2694 2052 3485 2171 41 2340 43 2062 1421 3494 2276 584 440 351 3142 98 207 1332 46 1497 2566 1127 1080 778 1098 1032 1623 3798 471 1685 3189 3367 2285 858 3094 1271 1619 1374 2381 2497 3061 3547 875 3601 2145 3636 580 919 1269 2762 2821 767 1686 654 1382 1922 2872 3074 3223 247 3667 1237 1593 3076 142 231 801 3355 115 1157 4018 820 3183 1481 1245
100
5245 2212 659 3164 4332 3582 2522 2127 3967 2967 8388 461 7057 3315 7530 5525 1462 5577 4154 9111 3560 1728 6148 103 1549 2166 5003 285 3653 7416 2605 612 9998 4432 3632 6911 4289 786 5471 1789 3245 7710 4969 280 6670 7630 2218 5961 8135 786 1906 8643 6357 6511 865 343 2337 8827 9903 3052 4183 9376 3342 6446 1612 1774 316 190 8231 6147 5621 4377 8576 9121 8397 8281 6263 2867 1057 5705 7943 7793 7642 1991 9467 4550 1160 8578 3428 5133 9120 716 9727 8950 5394 7872 3617 8236 4566 6146
2
2025 2022
99
9814 9820 9122 9034 9980 9704 9339 9077 9430 9180 9545 9289 9703 9356 9154 9546 9899 9646 9963 9965 9864 9727 9268 9202 9435 9982 9674 9303 9022 9685 9687 9870 9290 9853 9983 9045 9662 9328 9180 9939 9649 9683 9446 9847 9639 9353 9000 9176 9127 9393 9695 9013 9332 9563 9281 9148 9663 9405 9998 9788 9924 9511 9122 9689 9872 9452 9107 9897 9919 9105 9782 9936 9501 9757 9251 9303 9266 9702 9135 9315 9953 9179 9246 9693 9009 9414 9931 9486 9628 9728 9076 9348 9065 9311 9256 9965 9476 9440 9978
100
190 206 222 238 254 270 286 302 318 334 350 366 382 398 414 430 446 462 478 494 510 526 542 558 574 590 606 622 638 654 670 686 702 718 734 750 766 782 798 814 830 846 862 878 894 910 926 942 958 974 990 1006 1022 1038 1054 1070 1086 1102 1118 1134 1150 1166 1182 1198 1214 1230 1246 1262 1278 1294 1310 1326 1342 1358 1374 1390 1406 1422 1438 1454 1470 1486 1502 1518 1534 1550 1566 1582 1598 1614 1630 1646 1662 1678 1694 1710 1726 1742 1758 1774
2
123 4567
3
1599 2222 1599
37
186 71 42 178 164 155 47 158 158 191 101 84 157 116 77 194 37 5 186 35 173 71 75 39 79 119 35 161 167 95 3 155 17 119 39 62 16
2
1 9998
31
159 181 106 25 38 89 145 177 44 39 47 200 198 160 64 178 107 10 95 118 138 50 141 39 2 15 180 137 100 43 138
10
880 1568 954 1945 355 297 3948 1968 2279 3503
93
9040 9562 9623 9935 9867 9845 9792 9093 9901 9706 9038 9111 9397 9610 9678 9647 9804 9913 9904 9617 9719 9620 9175 9899 9179 9706 9579 9535 9187 9029 9957 9292 9279 9287 9715 9799 9797 9761 9992 9661 9019 9758 9829 9025 9496 9086 9855 9648 9375 9095 9033 9015 9012 9723 9190 9672 9238 9885 9460 9857 9473 9505 9091 9246 9533 9302 9363 9576 9752 9590 9567 9735 9590 9890 9458 9863 9161 9662 9631 9137 9916 9048 9020 9320 9105 9570 9352 9719 9456 9038 9554 9364 9385
28
2020 2027 2032 2018 2014 2023 2011 2013 2036 2035 2014 2028 2016 2022 2013 2011 2011 2010 2010 2016 2012 2025 2029 2031 2025 2031 2034 2020
100
2012 2438 1038 1376 277 3007 3821 889 2439 561 1449 69 2824 3999 169 3376 857 185 3995 1463 3663 1326 1490 1032 2564 1584 3761 3519 3792 2877 3116 3274 3946 2735 3148 3519 563 2204 2783 147 2927 1811 1718 1360 2696 827 352 1102 1576 262 3013 1971 1751 3414 3770 2907 1058 3261 3531 788 845 3373 2620 1767 2685 133 1878 543 2528 3032 1761 771 1298 2892 3625 3735 3627 1724 2756 3940 3001 2663 3538 1282 2504 2955 1584 1074 3575 187 82 2534 2468 882 3219 993 3419 1541 292 382
37
10 63 59 37 127 162 196 53 139 127 87 80 124 158 111 40 33 159 128 168 2 118 7 16 175 182 57 36 95 17 62 89 122 131 53 166 47
93
9266 9267 9694 9862 9547 9572 9628 9011 9393 9023 9962 9573 9685 9462 9928 9801 9783 9382 9225 9440 9007 9005 9664 9523 9101 9416 9490 9097 9725 9464 9476 9768 9611 9234 9393 9979 9113 9648 9942 9912 9562 9846 9786 9041 9314 9860 9081 9413 9367 9272 9814 9180 9959 9206 9125 9510 9819 9101 9046 9507 9216 9948 9959 9554 9299 9370 9822 9079 9513 9300 9970 9434 9732 9710 9846 9789 9258 9994 9198 9336 9927 9647 9045 9000 9991 9833 9678 9437 9291 9266 9094 9946 9157
100
1124 1782 1387 2928 3781 1576 1830 3240 2891 2785 3065 2172 1762 227 259 3444 312 2781 1589 1510 900 895 1186 58 2120 2783 2498 3837 2246 1748 4024 708 1894 1824 1701 3788 2311 397 1453 1474 1422 2316 1202 3128 3484 581 2818 387 3655 3536 2233 3646 1028 2871 919 1021 495 2491 2775 2920 977 418 1139 3348 2365 1448 4015 46 1696 2642 2972 1559 638 1217 2999 3726 2823 2138 2757 254 2486 1076 139 2995 4018 2090 2762 3854 2585 3355 1209 40 3063 733 2230 1030 201 3164 3321 2553
2
2023 2024
3
2024 2020 2023
10
1441 199 3691 674 1214 3255 3444 2841 644 2687
65
2028 2036 2030 2032 2010 2036 2026 2018 2032 2019 2014 2027 2035 2036 2021 2026 2029 2013 2032 2023 2022 2021 2020 2010 2032 2030 2035 2031 2020 2017 2028 2026 2013 2010 2026 2026 2019 2015 2021 2022 2036 2018 2010 2011 2024 2033 2025 2018 2033 2024 2020 2022 2022 2027 2032 2014 2030 2033 2010 2020 2019 2025 2025 2018 2014
2
9999 1
4
7777 6666 8888 9999
10
3796 1716 1313 92 1726 1119 1273 1183 2341 1259
10
2511 2719 3174 3850 99 1463 469 2953 2241 1341
2
2 9998
100
6107 3346 4929 3698 1888 4458 6394 1891 2618 3307 3090 8813 1479 7845 7847 3091 4036 8853 4195 8845 2871 9842 3089 6812 479 8548 6647 9162 7481 4166 7941 2894 4041 1350 5719 107 2583 1980 933 7961 8312 8879 3776 3128 7520 8039 3989 2374 6150 6386 4604 3663 6550 3100 3989 5651 3245 7868 6027 9617 7052 9392 3464 2337 9086 8939 9577 2853 5705 6700 3566 8883 2246 6063 8142 961 3754 6685 3725 8213 3461 5242 7497 1368 809 3585 7797 4828 2883 8520 8940 9523 5228 9601 8130 1787 9879 7304 1051 8350
100
171 190 209 228 247 266 285 304 323 342 361 380 399 418 437 456 475 494 513 532 551 570 589 608 627 646 665 684 703 722 741 760 779 798 817 836 855 874 893 912 931 950 969 988 1007 1026 1045 1064 1083 1102 1121 1140 1159 1178 1197 1216 1235 1254 1273 1292 1311 1330 1349 1368 1387 1406 1425 1444 1463 1482 1501 1520 1539 1558 1577 1596 1615 1634 1653 1672 1691 1710 1729 1748 1767 1786 1805 1824 1843 1862 1881 1900 1919 1938 1957 1976 1995 2014 2033 2052
100
191 208 225 242 259 276 293 310 327 344 361 378 395 412 429 446 463 480 497 514 531 548 565 582 599 616 633 650 667 684 701 718 735 752 769 786 803 820 837 854 871 888 905 922 939 956 973 990 1007 1024 1041 1058 1075 1092 1109 1126 1143 1160 1177 1194 1211 1228 1245 1262 1279 1296 1313 1330 1347 1364 1381 1398 1415 1432 1449 1466 1483 1500 1517 1534 1551 1568 1585 1602 1619 1636 1653 1670 1687 1704 1721 1738 1755 1772 1789 1806 1823 1840 1857 1874
97
9059 9982 9088 9247 9156 9321 9269 9164 9832 9772 9646 9648 9646 9318 9567 9217 9773 9300 9377 9445 9025 9173 9199 9775 9747 9635 9922 9122 9714 9009 9801 9930 9814 9826 9415 9017 9688 9457 9298 9835 9125 9880 9770 9217 9790 9424 9906 9095 9656 9622 9066 9164 9370 9116 9844 9790 9100 9629 9601 9684 9223 9854 9759 9602 9001 9685 9088 9824 9732 9335 9231 9545 9674 9054 9966 9273 9868 9682 9302 9149 9283 9172 9459 9579 9486 9007 9189 9280 9592 9794 9004 9557 9436 9121 9453 9093 9485
35
100 91 185 45 184 116 153 53 115 118 15 123 144 155 192 139 163 97 200 46 183 36 68 85 29 29 148 131 114 178 179 60 194 31 145
100
802 2699 1584 240 185 2720 2654 3274 1149 269 3333 467 2954 829 3687 4023 2759 254 2555 1566 3792 347 2292 3236 2401 1109 1791 4029 2261 78 1418 2002 3704 3795 2906 1059 1691 1818 2107 37 1838 1866 1993 2189 1845 3545 3983 1661 2837 3388 1249 2264 3114 1187 754 392 2477 2243 2552 594 3405 1379 3335 253 1657 3709 1631 656 1718 391 3389 3098 2921 1944 2001 2473 100 2231 171 2843 884 458 3910 2715 3590 2304 358 1694 50 1599 132 3548 3177 2182 2870 2206 1263 3368 1262 3001
100
9637 9894 9032 9695 9658 9221 9394 9882 9747 9976 9995 9006 9061 9190 9495 9190 9364 9482 9744 9438 9486 9778 9264 9958 9802 9139 9367 9861 9407 9582 9543 9408 9109 9280 9895 9827 9189 9780 9551 9309 9824 9216 9250 9148 9384 9399 9842 9231 9911 9770 9289 9248 9925 9262 9199 9305 9509 9544 9985 9699 9152 9781 9539 9169 9890 9383 9420 9696 9217 9017 9038 9953 9121 9879 9358 9413 9988 9358 9975 9085 9638 9089 9730 9669 9615 9404 9368 9864 9755 9701 9533 9463 9046 9837 9791 9249 9993 9020 9981 9252
100
26 42 58 74 90 106 122 138 154 170 186 202 218 234 250 266 282 298 314 330 346 362 378 394 410 426 442 458 474 490 506 522 538 554 570 586 602 618 634 650 666 682 698 714 730 746 762 778 794 810 826 842 858 874 890 906 922 938 954 970 986 1002 1018 1034 1050 1066 1082 1098 1114 1130 1146 1162 1178 1194 1210 1226 1242 1258 1274 1290 1306 1322 1338 1354 1370 1386 1402 1418 1434 1450 1466 1482 1498 1514 1530 1546 1562 1578 1594 1610
100
2966 634 2114 2559 3381 484 3989 3218 3149 1211 3801 1197 3014 751 1296 1862 1117 749 1800 28 2166 2736 1124 501 2945 582 1062 4009 3669 174 3489 2475 3437 3584 1847 3107 2696 1964 509 1146 1667 2074 207 1214 3553 3589 1293 1415 3899 2672 258 561 1782 1014 1522 3259 346 3707 2986 2599 2604 3460 2848 3740 3781 2063 2387 1245 837 3493 807 3824 1810 724 1049 2454 1340 2255 2187 152 4023 2760 3313 3165 3818 3058 1683 2044 1954 2662 1839 1982 428 551 552 2724 1059 1020 3283 2719
2
1 2
100
6220 5016 4603 2178 4959 5256 2411 1844 9466 8272 4922 4018 8826 2998 9838 6034 6701 7808 9183 8567 2271 43 5358 102 7710 7528 2502 7069 9947 2880 5579 8334 3291 7734 4745 8283 3319 8510 8298 5767 2173 966 2318 5555 5261 9043 8287 8760 1148 8879 3914 9589 4568 7192 6587 8451 3085 8716 4411 909 2380 8771 7227 3868 7880 4090 2023 9225 684 908 9612 2337 5262 3590 2104 565 9493 6605 3342 9897 1535 2285 5967 9343 7828 7558 7351 1138 9184 8020 4468 5609 9248 9979 9870 9086 2151 2475 9616 2384
100
8087 271 4948 6768 3552 4410 2507 3174 1336 8934 4399 3209 5905 9260 4260 7464 3516 4746 736 5886 195 878 1102 5372 8400 2945 2340 3929 834 1122 1864 5125 4464 8175 9906 1586 4645 4842 9037 3974 316 4434 6203 8795 6910 4796 4043 5488 1109 9442 1829 5312 3526 9493 8497 2021 7607 3152 5382 4439 5168 3683 7329 2218 2922 7082 2904 9431 5243 9876 219 1473 5445 7432 4915 4321 6733 2072 9049 7848 1439 7043 7170 8802 2516 8666 2249 4727 3759 3120 3566 254 9769 1170 7318 3690 4685 1498 1244 4838
52
2016 2032 2033 2029 2033 2027 2031 2032 2017 2018 2027 2028 2012 2016 2014 2036 2012 2033 2020 2013 2026 2013 2021 2033 2031 2024 2027 2012 2017 2034 2025 2015 2023 2012 2019 2011 2018 2012 2022 2030 2031 2021 2017 2033 2015 2031 2033 2018 2016 2011 2030 2025
100
2683 6922 6075 4604 7983 6214 46 5227 9392 2934 146 661 8184 9664 7692 9068 8505 1096 2184 5007 2340 487 1571 5386 2423 9320 9618 2758 5899 4126 4421 2759 2796 3938 5750 5074 3998 1351 293 6612 7367 9973 8338 6460 9847 8654 2794 4072 7689 3699 854 2678 765 9349 3279 564 7854 2849 7660 2390 2324 9359 2369 7516 7069 3705 1251 4507 983 6428 9740 9035 8197 9099 6324 9520 6224 3856 2243 1169 5048 9853 9830 6973 4247 5655 2936 8885 2843 8378 20 2652 9416 6028 4314 9943 3372 8390 5669 9450
8
2 2 3 3 4 4 5 1
100
84 110 136 162 188 214 240 266 292 318 344 370 396 422 448 474 500 526 552 578 604 630 656 682 708 734 760 786 812 838 864 890 916 942 968 994 1020 1046 1072 1098 1124 1150 1176 1202 1228 1254 1280 1306 1332 1358 1384 1410 1436 1462 1488 1514 1540 1566 1592 1618 1644 1670 1696 1722 1748 1774 1800 1826 1852 1878 1904 1930 1956 1982 2008 2034 2060 2086 2112 2138 2164 2190 2216 2242 2268 2294 2320 2346 2372 2398 2424 2450 2476 2502 2528 2554 2580 2606 2632 2658
0
