2
123 4567
3
2024 2020 2023
5
2020 2020 2021 2024 2026
3
1599 2222 1599
8
2 2 3 3 4 4 5 1
4
7777 6666 8888 9999
10
3001 3276 1081 3862 2980 3758 378 1221 2422 2881
10
3254 3314 2011 2857 2698 1648 3069 3008 3338 3009
10
3111 2890 631 974 1755 1457 701 2909 2350 1243
10
1068 436 3582 747 3501 2212 1906 2989 1771 1560
10
1336 3716 2749 1695 2777 3330 1522 1047 2531 3505
100
3502 2976 1910 3233 1302 1455 4017 3164 1628 2485 2033 1025 1417 1847 949 1756 2063 3109 2938 1107 2870 57 610 1044 1340 581 842 2139 2179 1156 1202 740 2408 661 1976 3466 4020 2860 3001 3009 1204 687 886 2420 1386 3152 1074 3272 3770 104 2293 2657 2144 3310 13 984 2938 927 281 3531 2914 3898 1825 2352 993 2993 2890 1193 3716 1652 2563 136 1909 1316 3164 2885 2982 3961 3569 3920 2444 1122 1248 2139 117 2780 2147 3957 2845 1704 2074 557 3471 2172 3674 3379 3383 1986 3170 4007
100
3163 1634 634 3558 806 1030 3607 949 1954 2634 3485 940 1918 2932 2598 2423 2717 1502 1294 2032 1521 2284 2098 3935 3011 2530 18 2013 139 3634 2929 3832 1029 410 1662 1648 4003 3478 2993 1020 1015 2344 1940 2044 1585 637 3738 3841 2578 701 108 2791 3852 3861 3530 3649 2174 2375 808 3985 1504 3346 801 3014 3208 996 1706 1741 3305 2709 2291 2126 3380 1536 1149 3066 3550 2150 2454 3948 2508 1668 254 1084 3741 3434 1800 2213 1851 3749 519 3563 1291 3649 1775 2840 1805 3396 1837 1196
100
304 794 3342 816 675 8 2798 2368 2413 3441 941 3994 1899 1300 735 631 3232 543 2041 1560 3476 1091 3905 3973 977 3506 537 2679 560 138 169 266 1576 1018 3240 1356 1873 1208 124 1038 1225 2943 3754 1553 3340 1323 892 244 3421 54 2342 688 596 3812 2613 2785 3371 1865 2296 3771 2847 1392 2499 3954 10 1314 703 3720 3572 3476 935 40 1786 3548 78 2031 934 2671 1659 1033 1141 513 742 941 2579 3400 2063 3488 3377 1446 3771 942 222 3026 2150 3229 1391 3617 2382 1887
100
3518 1511 1696 865 2843 2430 1712 410 2120 3126 1780 1156 871 2467 2709 1701 1756 1590 2290 2010 342 2871 311 4001 1741 1918 82 1859 203 1140 3000 3976 3338 280 3519 2217 2754 1233 2458 1336 4010 2493 3848 2916 2189 3150 2075 96 388 1362 432 719 1961 1604 1522 2002 823 2771 811 1718 2958 2790 706 1068 2368 112 3868 3057 3005 3638 766 1874 563 261 957 2700 2385 3874 583 1878 3836 96 2732 2201 2315 3010 3216 2190 253 154 2412 1261 571 590 1486 1905 2945 546 3170 654
100
185 1079 457 2369 2744 440 3506 1596 3598 216 3425 450 3007 284 3653 1080 1474 988 1300 417 3250 1523 3077 3287 683 451 1533 3259 1830 3815 1208 2312 3357 2636 3507 2265 2877 2080 1924 1819 193 392 3350 445 155 3700 197 2386 511 2101 467 3822 2797 1227 3713 2163 605 2933 2415 543 3233 665 3566 944 3232 578 3990 2826 3164 10 3517 1877 696 3466 2874 1082 1058 1645 3949 796 179 1241 213 3606 952 1440 3550 2319 2561 2451 1382 405 1492 979 3348 2319 3528 2174 2669 78
100
968 660 1994 4652 8475 9945 9252 491 4902 8148 1587 7630 9256 8533 122 1372 6868 2426 3493 5497 9499 4168 6534 5079 3853 2943 5068 3681 6503 4641 6288 4347 9767 8916 906 5831 2884 4745 5553 5866 8572 8553 6205 1668 420 1913 5934 3994 5746 1340 5755 824 2941 1062 7327 3488 5738 3875 4083 7693 1602 476 4302 7071 3065 5530 2156 217 2334 4077 5963 8235 8275 7706 3958 8885 8835 5097 8259 772 8759 4778 3837 5905 790 2707 329 9809 5613 5519 9621 2689 8999 8036 5548 8941 8088 1609 3080 6776
100
9091 1081 949 6460 873 8933 4964 8482 2895 1603 8597 5437 6687 6100 8784 6616 3412 3182 4728 2339 2947 878 9793 6510 7088 4143 9935 8680 683 9383 6030 8209 8783 7887 6093 367 3018 324 9654 5027 2350 4465 8101 9489 7685 3900 7053 3282 6940 856 4834 8172 6111 5480 8552 2105 6944 3823 3899 5893 1414 1757 6530 250 6530 1908 4649 7310 872 1352 8991 1714 8547 5939 5881 6494 4235 5130 9355 8708 7080 525 5615 2046 9189 7798 6494 9708 1015 2893 3846 1594 3036 9476 5830 1430 9550 8376 3919 8313
100
2035 838 6429 7248 7915 2781 2497 8824 5422 521 1538 4696 5534 9530 1613 154 4829 1432 9100 4386 3350 8587 1581 9089 8987 6915 4751 63 792 7800 1910 6784 3779 4927 3351 9989 9905 6088 590 809 4905 6170 4858 645 6785 6115 2661 183 4721 8533 9548 4999 8049 6389 8522 9439 7652 2717 7811 8658 4506 371 7665 1839 929 5794 3249 4438 1082 3791 4071 7907 6528 48 8651 2773 3968 7618 1465 7753 9799 4203 9478 3453 32 1071 3213 8777 2599 9415 2445 8034 5659 1874 324 9880 5527 8891 4097 1903
100
9495 3712 8167 4257 106 8942 9393 9470 7987 1233 2064 3075 6377 1658 782 6393 4537 1933 235 6872 9540 3236 2017 2469 2195 7763 8529 7308 9223 9457 5319 5307 8050 9957 6004 2679 6940 6612 9347 6953 8370 6686 3162 2957 3455 2492 2232 3441 560 6917 3964 2050 1810 5357 1533 865 7026 3625 7369 4814 838 6825 431 314 769 5739 7689 2122 5552 6597 325 323 9836 975 1678 7388 5213 554 2338 7959 9645 2143 1418 5820 5321 8469 9662 8694 2215 4766 6078 81 8312 7684 5332 5619 4791 5196 6041 3070
100
9335 7937 5175 9501 6281 8589 9277 2675 5934 6910 4307 7077 6445 8120 8244 611 416 8997 201 1617 3532 7025 34 5288 1505 1063 9824 1551 8136 3312 3417 7634 4551 7284 7795 2685 3318 9646 4877 8214 139 582 8132 714 3581 515 8022 2491 4236 6228 8161 7940 3384 6978 4601 577 3077 9724 9017 7252 3497 483 9386 6789 5612 6643 7913 6657 2585 5187 9491 1079 4549 9175 3472 2367 972 9944 5980 761 7571 630 9269 7084 739 3179 3045 6550 2774 8487 3187 7756 7157 8587 7955 9016 5044 8743 806 2309
30
159 146 72 181 29 74 70 77 56 43 149 77 161 160 151 58 22 76 129 199 121 16 121 160 159 56 105 27 128 141
38
143 40 83 184 146 120 57 7 125 136 102 32 21 111 22 125 40 89 16 72 43 115 188 15 171 112 21 153 12 75 79 51 55 84 143 44 38 180
33
84 68 34 81 180 61 99 88 131 176 97 21 76 136 94 38 49 49 3 165 65 23 194 42 49 43 125 135 168 87 107 101 53
32
194 74 102 70 29 56 181 9 176 95 28 168 31 182 186 118 13 98 157 103 24 124 195 136 110 126 104 23 145 105 185 105
33
48 169 106 7 56 159 55 8 55 157 77 150 35 97 176 103 167 25 171 110 59 116 198 117 8 163 37 164 165 58 67 95 120
91
9561 9976 9007 9295 9292 9481 9172 9031 9769 9149 9196 9966 9352 9174 9934 9978 9346 9014 9085 9548 9749 9883 9073 9491 9825 9535 9843 9227 9642 9005 9700 9077 9687 9292 9263 9721 9828 9892 9424 9441 9731 9025 9414 9877 9195 9733 9208 9300 9131 9927 9263 9206 9006 9562 9900 9223 9804 9640 9467 9260 9432 9556 9518 9713 9242 9277 9858 9461 9272 9225 9705 9927 9309 9248 9717 9849 9403 9526 9182 9492 9404 9621 9087 9987 9221 9136 9599 9410 9918 9521 9711
93
9499 9291 9405 9233 9746 9445 9196 9578 9877 9238 9281 9629 9967 9322 9884 9043 9366 9092 9484 9627 9034 9656 9300 9576 9638 9887 9636 9998 9456 9242 9847 9302 9921 9187 9556 9935 9051 9143 9687 9229 9974 9496 9265 9449 9116 9916 9453 9603 9494 9080 9557 9870 9711 9084 9585 9075 9907 9500 9347 9459 9849 9642 9121 9199 9669 9115 9782 9924 9153 9732 9842 9764 9252 9335 9907 9590 9602 9832 9604 9020 9255 9280 9588 9614 9966 9228 9402 9540 9606 9468 9729 9707 9067
92
9426 9388 9545 9520 9051 9843 9294 9651 9180 9040 9559 9419 9031 9186 9241 9685 9965 9945 9943 9735 9475 9699 9141 9634 9846 9449 9214 9175 9206 9296 9936 9046 9757 9238 9783 9169 9961 9979 9346 9350 9123 9301 9848 9370 9387 9811 9328 9666 9140 9387 9785 9781 9988 9343 9764 9101 9223 9929 9650 9518 9161 9934 9050 9861 9602 9349 9911 9941 9063 9160 9146 9052 9317 9869 9300 9282 9263 9873 9490 9153 9267 9960 9090 9038 9979 9166 9185 9815 9058 9256 9326 9604
98
9528 9615 9109 9966 9225 9113 9564 9054 9077 9605 9574 9659 9765 9450 9300 9149 9548 9154 9218 9399 9461 9660 9898 9830 9503 9555 9167 9794 9292 9225 9617 9229 9570 9074 9478 9559 9977 9918 9323 9261 9453 9371 9255 9621 9050 9383 9249 9508 9776 9811 9742 9752 9648 9977 9194 9134 9186 9011 9336 9377 9020 9705 9963 9347 9346 9074 9435 9885 9950 9145 9281 9271 9802 9902 9821 9760 9283 9892 9712 9428 9287 9275 9167 9816 9499 9063 9845 9834 9286 9261 9167 9682 9272 9197 9859 9766 9220 9733
94
9786 9247 9724 9450 9460 9021 9085 9584 9895 9785 9216 9936 9598 9904 9837 9239 9370 9341 9536 9370 9347 9205 9862 9440 9578 9314 9912 9859 9219 9524 9736 9425 9125 9679 9241 9566 9229 9746 9749 9650 9060 9203 9301 9825 9260 9865 9447 9506 9636 9330 9971 9694 9767 9310 9718 9724 9349 9062 9979 9155 9325 9169 9151 9400 9201 9893 9561 9219 9349 9148 9727 9702 9189 9802 9876 9580 9450 9607 9512 9053 9569 9344 9148 9057 9632 9519 9062 9445 9148 9867 9582 9541 9026 9121
100
25 50 75 100 125 150 175 200 225 250 275 300 325 350 375 400 425 450 475 500 525 550 575 600 625 650 675 700 725 750 775 800 825 850 875 900 925 950 975 1000 1025 1050 1075 1100 1125 1150 1175 1200 1225 1250 1275 1300 1325 1350 1375 1400 1425 1450 1475 1500 1525 1550 1575 1600 1625 1650 1675 1700 1725 1750 1775 1800 1825 1850 1875 1900 1925 1950 1975 2000 2025 2050 2075 2100 2125 2150 2175 2200 2225 2250 2275 2300 2325 2350 2375 2400 2425 2450 2475 2500
100
94 121 148 175 202 229 256 283 310 337 364 391 418 445 472 499 526 553 580 607 634 661 688 715 742 769 796 823 850 877 904 931 958 985 1012 1039 1066 1093 1120 1147 1174 1201 1228 1255 1282 1309 1336 1363 1390 1417 1444 1471 1498 1525 1552 1579 1606 1633 1660 1687 1714 1741 1768 1795 1822 1849 1876 1903 1930 1957 1984 2011 2038 2065 2092 2119 2146 2173 2200 2227 2254 2281 2308 2335 2362 2389 2416 2443 2470 2497 2524 2551 2578 2605 2632 2659 2686 2713 2740 2767
100
125 143 161 179 197 215 233 251 269 287 305 323 341 359 377 395 413 431 449 467 485 503 521 539 557 575 593 611 629 647 665 683 701 719 737 755 773 791 809 827 845 863 881 899 917 935 953 971 989 1007 1025 1043 1061 1079 1097 1115 1133 1151 1169 1187 1205 1223 1241 1259 1277 1295 1313 1331 1349 1367 1385 1403 1421 1439 1457 1475 1493 1511 1529 1547 1565 1583 1601 1619 1637 1655 1673 1691 1709 1727 1745 1763 1781 1799 1817 1835 1853 1871 1889 1907
100
73 95 117 139 161 183 205 227 249 271 293 315 337 359 381 403 425 447 469 491 513 535 557 579 601 623 645 667 689 711 733 755 777 799 821 843 865 887 909 931 953 975 997 1019 1041 1063 1085 1107 1129 1151 1173 1195 1217 1239 1261 1283 1305 1327 1349 1371 1393 1415 1437 1459 1481 1503 1525 1547 1569 1591 1613 1635 1657 1679 1701 1723 1745 1767 1789 1811 1833 1855 1877 1899 1921 1943 1965 1987 2009 2031 2053 2075 2097 2119 2141 2163 2185 2207 2229 2251
100
54 79 104 129 154 179 204 229 254 279 304 329 354 379 404 429 454 479 504 529 554 579 604 629 654 679 704 729 754 779 804 829 854 879 904 929 954 979 1004 1029 1054 1079 1104 1129 1154 1179 1204 1229 1254 1279 1304 1329 1354 1379 1404 1429 1454 1479 1504 1529 1554 1579 1604 1629 1654 1679 1704 1729 1754 1779 1804 1829 1854 1879 1904 1929 1954 1979 2004 2029 2054 2079 2104 2129 2154 2179 2204 2229 2254 2279 2304 2329 2354 2379 2404 2429 2454 2479 2504 2529
2
1 9997
2
3 9999
2
3 9999
45
2028 2022 2023 2020 2035 2027 2020 2016 2012 2035 2015 2034 2034 2035 2025 2012 2011 2022 2012 2021 2028 2020 2020 2030 2026 2020 2014 2034 2032 2031 2020 2011 2020 2021 2028 2015 2027 2036 2033 2016 2010 2013 2019 2013 2018
63
2013 2025 2016 2012 2036 2019 2010 2017 2029 2019 2024 2010 2015 2014 2011 2015 2021 2022 2019 2013 2025 2028 2013 2034 2021 2013 2036 2025 2012 2012 2016 2027 2027 2017 2020 2010 2012 2015 2019 2020 2010 2027 2018 2026 2027 2017 2021 2023 2010 2033 2010 2022 2028 2010 2015 2022 2022 2011 2022 2025 2019 2016 2016
56
2030 2035 2019 2026 2011 2028 2033 2010 2024 2026 2033 2034 2017 2010 2033 2033 2032 2027 2021 2018 2019 2014 2022 2018 2028 2028 2012 2024 2029 2032 2013 2027 2028 2028 2031 2023 2021 2025 2015 2033 2011 2016 2011 2017 2028 2020 2036 2019 2016 2014 2030 2016 2017 2025 2029 2030
2
1 2
2
2023 2024
2
2025 2022
2
9999 1
0
